1 0.12071428571428572 0.22424892703862662 0.24142857142857144 0.25
0 0.009464285714285715 0.47746781115879827 0.01892857142857143 0.03969957081545064
0 0.22178571428571428 0.009120171673819743 0.05071428571428571 0.017167381974248927
1 0.25857142857142856 0.3280579399141631 0.14714285714285713 0.20439914163090128
0 0.27089285714285716 0.31410944206008584 0.029642857142857144 0.06276824034334764
0 0.2739285714285714 0.7658261802575107 0.02214285714285714 0.023068669527896997
0 0.6301785714285715 0.8379828326180258 0.09821428571428571 0.1405579399141631
0 0.5146428571428572 0.7886266094420601 0.115 0.15128755364806867
0 0.43714285714285717 0.42140557939914164 0.015714285714285715 0.023068669527896997
0 0.65125 0.6107832618025751 0.04392857142857143 0.040236051502145924
0 0.39875 0.36292918454935624 0.0175 0.02521459227467811
0 0.4301785714285714 0.31947424892703863 0.010357142857142856 0.016630901287553648
0 0.4430357142857143 0.31303648068669526 0.009642857142857142 0.017703862660944206
0 0.45767857142857143 0.18642703862660945 0.1382142857142857 0.2655579399141631
0 0.56375 0.18589055793991416 0.016785714285714286 0.02092274678111588
0 0.5371428571428571 0.3328862660944206 0.04214285714285714 0.040236051502145924
0 0.07696428571428572 0.36105150214592274 0.0125 0.019313304721030045
0 0.7035714285714286 0.011266094420600859 0.04214285714285714 0.022532188841201718
0 0.8301785714285714 0.012070815450643776 0.06892857142857142 0.023068669527896997
0 0.7678571428571429 0.4804184549356223 0.045 0.04130901287553648
0 0.6548214285714286 0.48175965665236054 0.010357142857142856 0.016094420600858368
0 0.64 0.4793454935622318 0.010714285714285714 0.016630901287553648
0 0.6471428571428571 0.2583154506437768 0.13357142857142856 0.14753218884120173
0 0.7457142857142857 0.12258583690987125 0.07 0.24409871244635192
0 0.64875 0.39511802575107297 0.1125 0.1432403433476395
