0 0.03875 0.3226931330472103 0.0125 0.018776824034334765
0 0.07803571428571429 0.3760729613733906 0.0425 0.06330472103004292
0 0.056428571428571425 0.47880901287553645 0.005714285714285714 0.009120171673819743
0 0.06714285714285714 0.5638412017167382 0.022857142857142857 0.05793991416309013
0 0.005892857142857143 0.39780042918454933 0.005357142857142857 0.009120171673819743
0 0.08660714285714285 0.625 0.004642857142857143 0.0075107296137339056
0 0.09714285714285714 0.44930257510729615 0.027142857142857142 0.03701716738197425
0 0.024107142857142858 0.401019313304721 0.003928571428571429 0.004828326180257511
1 0.023035714285714284 0.401019313304721 0.0075 0.014484978540772532
0 0.05946428571428571 0.6515557939914163 0.02107142857142857 0.0305793991416309
1 0.023214285714285715 0.4179184549356223 0.007857142857142858 0.015021459227467811
0 0.005 0.43803648068669526 0.01 0.0305793991416309
0 0.09803571428571428 0.6684549356223176 0.005357142857142857 0.006437768240343348
0 0.06482142857142857 0.598175965665236 0.011785714285714287 0.016094420600858368
0 0.012321428571428572 0.6756974248927039 0.0125 0.03272532188841202
0 0.004107142857142857 0.6579935622317596 0.008214285714285714 0.03379828326180258
0 0.14125 0.23283261802575106 0.06892857142857142 0.09227467811158799
1 0.03428571428571429 0.40048283261802575 0.007857142857142858 0.013412017167381975
0 0.13482142857142856 0.28513948497854075 0.048214285714285716 0.04452789699570815
0 0.1657142857142857 0.3157188841201717 0.018571428571428572 0.03487124463519313
0 0.0425 0.5643776824034334 0.011428571428571429 0.013948497854077254
0 0.04125 0.4401824034334764 0.0017857142857142857 0.008047210300429184
0 0.03892857142857143 0.3969957081545064 0.002142857142857143 0.012875536480686695
0 0.031071428571428573 0.5118025751072961 0.008571428571428572 0.028969957081545063
0 0.0175 0.6099785407725322 0.007857142857142858 0.017167381974248927
0 0.00125 0.48068669527896996 0.0025 0.0075107296137339056
0 0.03553571428571429 0.42140557939914164 0.005357142857142857 0.011266094420600859
0 0.015357142857142857 0.4522532188841202 0.005714285714285714 0.015021459227467811
0 0.016785714285714286 0.46727467811158796 0.005714285714285714 0.017167381974248927
1 0.003928571428571429 0.48873390557939916 0.007857142857142858 0.016094420600858368
0 0.07357142857142857 0.6813304721030042 0.01 0.011802575107296138
0 0.08303571428571428 0.6590665236051502 0.0075 0.013412017167381975
0 0.01125 0.5072424892703863 0.0125 0.04881974248927039
0 0.015714285714285715 0.5423819742489271 0.0064285714285714285 0.016094420600858368
0 0.0026785714285714286 0.5281652360515021 0.0025 0.004828326180257511
0 0.0035714285714285713 0.5372854077253219 0.007142857142857143 0.013412017167381975
0 0.00875 0.5638412017167382 0.006071428571428571 0.008583690987124463
0 0.07839285714285714 0.4812231759656652 0.028214285714285713 0.06437768240343347
0 0.21714285714285714 0.26394849785407726 0.012142857142857143 0.02145922746781116
0 0.09267857142857143 0.5568669527896996 0.015357142857142857 0.019313304721030045
0 0.21071428571428572 0.33369098712446355 0.056428571428571425 0.11587982832618025
0 0.2530357142857143 0.3803648068669528 0.01107142857142857 0.02145922746781116
0 0.1657142857142857 0.40048283261802575 0.025 0.039163090128755365
0 0.2105357142857143 0.5547210300429185 0.009642857142857142 0.013948497854077254
0 0.15053571428571427 0.5233369098712446 0.009642857142857142 0.013412017167381975
0 0.1575 0.4455472103004292 0.037142857142857144 0.06706008583690987
0 0.16625 0.6893776824034334 0.013214285714285715 0.017167381974248927
0 0.1694642857142857 0.6094420600858369 0.008214285714285714 0.012875536480686695
0 0.175 0.5989806866952789 0.01 0.024141630901287552
0 0.13517857142857143 0.5560622317596566 0.033928571428571426 0.06276824034334764
0 0.11196428571428571 0.6161480686695279 0.036071428571428574 0.05954935622317597
0 0.12214285714285714 0.66818669527897 0.03785714285714286 0.03272532188841202
0 0.26339285714285715 0.7521459227467812 0.0125 0.018240343347639486
0 0.2375 0.7180793991416309 0.013571428571428571 0.01984978540772532
0 0.18142857142857144 0.7505364806866953 0.02642857142857143 0.03755364806866953
0 0.19410714285714287 0.6561158798283262 0.03678571428571428 0.06545064377682404
0 0.25089285714285714 0.6410944206008584 0.019642857142857142 0.030042918454935622
0 0.30964285714285716 0.5686695278969958 0.008571428571428572 0.013948497854077254
0 0.3073214285714286 0.6166845493562232 0.009642857142857142 0.01555793991416309
0 0.32517857142857143 0.726931330472103 0.013214285714285715 0.018240343347639486
0 0.24821428571428572 0.48605150214592274 0.07071428571428572 0.09012875536480687
0 0.3094642857142857 0.47639484978540775 0.05107142857142857 0.08583690987124463
0 0.3794642857142857 0.619098712446352 0.010357142857142856 0.013948497854077254
0 0.37392857142857144 0.23417381974248927 0.024285714285714285 0.125
0 0.4044642857142857 0.32242489270386265 0.03892857142857143 0.04935622317596566
0 0.39339285714285716 0.7103004291845494 0.04964285714285714 0.07081545064377683
0 0.4010714285714286 0.3798283261802575 0.02642857142857143 0.06545064377682404
0 0.43535714285714283 0.38707081545064376 0.08142857142857143 0.08530042918454936
0 0.465 0.06652360515021459 0.07357142857142857 0.07832618025751073
0 0.4717857142857143 0.47451716738197425 0.023571428571428573 0.02736051502145923
0 0.3898214285714286 0.47049356223175964 0.05035714285714286 0.07832618025751073
0 0.3848214285714286 0.5533798283261803 0.05821428571428571 0.09603004291845493
0 0.5055357142857143 0.49436695278969955 0.0475 0.053111587982832616
0 0.48732142857142857 0.7019849785407726 0.0375 0.050965665236051505
0 0.47964285714285715 0.5595493562231759 0.07142857142857142 0.09334763948497854
0 0.6155357142857143 0.11775751072961374 0.06464285714285714 0.0971030042918455
0 0.5294642857142857 0.4822961373390558 0.06464285714285714 0.0611587982832618
0 0.5766071428571429 0.5351394849785408 0.05678571428571429 0.023068669527896997
0 0.635 0.46432403433476394 0.08285714285714285 0.0895922746781116
0 0.5826785714285714 0.35380901287553645 0.05821428571428571 0.06813304721030043
0 0.6216071428571428 0.5319206008583691 0.029642857142857144 0.03272532188841202
0 0.6539285714285714 0.5348712446351931 0.04214285714285714 0.023605150214592276
0 0.7133928571428572 0.37446351931330474 0.0575 0.06652360515021459
0 0.9242857142857143 0.06920600858369098 0.005714285714285714 0.033261802575107295
0 0.8758928571428571 0.31840128755364805 0.0175 0.0305793991416309
0 0.9135714285714286 0.6735515021459227 0.02857142857142857 0.03272532188841202
0 0.87 0.6292918454935622 0.03142857142857143 0.03755364806866953
0 0.7925 0.4326716738197425 0.07714285714285714 0.06920600858369098
0 0.7805357142857143 0.73068669527897 0.040357142857142855 0.0740343347639485
0 0.8292857142857143 0.6274141630901288 0.05357142857142857 0.06706008583690987
0 0.8505357142857143 0.39511802575107297 0.04321428571428571 0.06491416309012875
0 0.7928571428571428 0.5053648068669528 0.03785714285714286 0.05257510729613734
0 0.9319642857142857 0.27896995708154504 0.0675 0.06437768240343347
0 0.9864285714285714 0.6247317596566524 0.025 0.03379828326180258
0 0.9667857142857142 0.3135729613733906 0.06428571428571428 0.08744635193133048
0 0.9564285714285714 0.7357832618025751 0.025714285714285714 0.03487124463519313
0 0.8948214285714285 0.7580472103004292 0.03892857142857143 0.055793991416309016
0 0.92 0.4299892703862661 0.04 0.05740343347639485
0 0.8619642857142857 0.4619098712446352 0.0475 0.0740343347639485
0 0.9439285714285715 0.5592811158798283 0.027142857142857142 0.03701716738197425
0 0.9051785714285714 0.552843347639485 0.038214285714285715 0.04774678111587983
0 0.7232142857142857 0.5112660944206009 0.04071428571428572 0.08690987124463519
0 0.7339285714285714 0.6569206008583691 0.019285714285714285 0.02628755364806867
